/*--------------------------------*- C++ -*----------------------------------*\
  =========                 |
  \\      /  F ield         | OpenFOAM: The Open Source CFD Toolbox
   \\    /   O peration     | Website:  https://openfoam.org
    \\  /    A nd           | Version:  9
     \\/     M anipulation  |
\*---------------------------------------------------------------------------*/
FoamFile
{
    format      ascii;
    class       volScalarField;
    location    "0.019";
    object      he;
}
// * * * * * * * * * * * * * * * * * * * * * * * * * * * * * * * * * * * * * //

dimensions      [0 2 -2 0 0 0 0];

internalField   nonuniform List<scalar> 
1000
(
38.58824922
38.58824922
38.58824922
38.58824922
38.58824922
38.58824922
38.58824922
38.58824922
38.58824922
38.58824922
38.58824922
38.58824922
38.58824922
38.58824922
38.58824922
38.58824922
38.58824922
38.58824922
38.58824922
38.58824922
38.58824922
38.58824922
38.58824922
38.58824922
38.58824922
38.58824922
38.58824922
38.58824922
38.58824922
38.58824922
38.58824922
38.58824922
38.58824922
38.58824922
38.58824922
38.58824922
38.58824922
38.58824922
38.58824922
38.58824922
38.58824922
38.58824922
38.58824922
38.58824922
38.58824922
38.58824922
38.58824922
38.58824922
38.58824922
38.58824922
38.58824922
38.58824922
38.58824922
38.58824922
38.58824922
38.58824922
38.58824922
38.58824922
38.58824922
38.58824922
38.58824922
38.58824922
38.58824922
38.58824922
38.58824922
38.58824922
38.58824922
38.58824922
38.58824922
38.58824922
38.58824922
38.58824922
38.58824922
38.58824922
38.58824922
38.58824922
38.58824922
38.58824922
38.58824922
38.58824922
38.58824922
38.58824922
38.58824922
38.58824922
38.58824922
38.58824922
38.58824922
38.58824922
38.58824922
38.58824922
38.58824922
38.58824922
38.58824922
38.58824922
38.58824922
38.58824922
38.58824922
38.58824922
38.58824922
38.58824922
38.58824922
38.58824922
38.58824922
38.58824922
38.58824922
38.58824922
38.58824922
38.58824922
38.58824922
38.58824922
38.58824922
38.58824922
38.58824922
38.58824922
38.58824922
38.58824922
38.58824922
38.58824922
38.58824922
38.58824922
38.58824922
38.58824922
38.58824922
38.58824922
38.58824922
38.58824922
38.58824922
38.58824922
38.58824922
38.58824922
38.58824922
38.58824922
38.58824922
38.58824922
38.58824922
38.58824922
38.58824922
38.58824922
38.58824922
38.58824922
38.58824922
38.58824922
38.58824922
38.58824922
38.58824922
38.58824922
38.58824922
38.58824922
38.58824922
38.58824922
38.58824922
38.58824922
38.58824922
38.58824922
38.58824922
38.58824922
38.58824922
38.58824922
38.58824922
38.58824922
38.58824922
38.58824922
38.58824922
38.58824922
38.58824922
38.58824922
38.58824922
38.58824922
38.58824922
38.58824922
38.58824922
38.58824922
38.58824922
38.58824922
38.58824922
38.58824922
38.58824922
38.58824922
38.58824922
38.58824922
38.58824922
38.58824922
38.58824922
38.58824922
38.58824922
38.58824922
38.58824922
38.58824922
38.58824922
38.58824922
38.58824922
38.58824922
38.58824922
38.58824922
38.58824922
38.58824922
38.58824922
38.58824922
38.58824922
38.58824922
38.58824922
38.58824922
38.58824922
38.58824922
38.58824922
38.58824922
38.58824922
38.58824922
38.58824922
38.58824922
38.58824922
38.58824922
38.58824922
38.58824922
38.58824922
38.58824922
38.58824922
38.58824922
38.58824922
38.58824922
38.58824922
38.58824922
38.58824922
38.58824922
38.58824922
38.58824922
38.58824922
38.58824922
38.58824922
38.58824922
38.58824922
38.58824922
38.58824922
38.58824922
38.58824922
38.58824922
38.58824922
38.58824922
38.58824922
38.58824922
38.58824922
38.58824922
38.58824922
38.58824922
38.58824922
38.58824922
38.58824922
38.58824922
38.58824922
38.58824922
38.58824922
38.58824922
38.58824922
38.58824922
38.58824922
38.58824922
38.58824922
38.58824922
38.58824922
38.58824922
38.58824922
38.58824922
38.58824922
38.58824922
38.58824922
38.58824922
38.58824922
38.58824922
38.58824922
38.58824922
38.58824922
38.58824922
38.58824922
38.58824922
38.58824922
38.58824922
38.58824922
38.58824922
38.58824922
38.58824922
38.58824922
38.58824922
38.58824922
38.58824922
38.58824922
38.58824922
38.58824922
38.58824922
38.58824922
38.58824922
38.58824922
38.58824922
38.58824922
38.58824922
38.58824922
38.58824922
38.58824922
38.58824922
38.58824922
38.58824922
38.58824922
38.58824922
38.58824922
38.58824922
38.58824922
38.58824922
38.58824922
38.58824922
38.58824922
38.58824922
38.58824922
38.58824922
38.58824922
38.58824922
38.58824922
38.58824922
38.58824922
38.58824922
38.58824922
38.58824922
38.58824922
38.58824922
38.58824922
38.58824922
38.58824922
38.58824922
38.58824922
38.58824922
38.58824922
38.58824922
38.58824922
38.58824922
38.58824922
38.58824922
38.58824922
38.58824922
38.58824922
38.58824922
38.58824922
38.58824922
38.58824922
38.58824922
38.58824922
38.58824922
38.58824922
38.58824922
38.58824922
38.58824922
38.58824922
38.58824922
38.58824922
38.58824922
38.58824922
38.58824922
38.58824922
38.58824922
38.58824922
38.58824922
38.58824922
38.58824922
38.58824922
38.58824922
38.58824922
38.58824922
38.58824922
38.58824922
38.58824922
38.58824922
38.58824922
38.58824922
38.58824922
38.58824922
38.58824922
38.58824922
38.58824922
38.58824922
38.58824922
38.58824922
38.58824922
38.58824922
38.58824922
38.58824922
38.58824922
38.58824922
38.58824922
38.58824922
38.58824922
38.58824922
38.58824922
38.58824922
38.58824922
38.58824922
38.58824922
38.58824922
38.58824922
38.58824922
38.58824922
38.58824922
38.58824922
38.58824922
38.58824922
38.58824922
38.58824922
38.58824922
38.58824922
38.58824922
38.58824922
38.58824922
38.58824922
38.58824922
38.58824922
38.58824922
38.58824922
38.58824922
38.58824922
38.58824922
38.58824922
38.58824922
38.58824922
38.58824922
38.58824922
38.58824922
38.58824922
38.58824922
38.58824922
38.58824922
38.58824922
38.58824922
38.58824922
38.58824922
38.58824922
38.58824922
38.58824922
38.58824922
38.58824922
38.58824922
38.58824922
38.58824922
38.58824922
38.58824922
38.58824922
38.58824922
38.58824922
38.58824922
38.58824922
38.58824922
38.58824922
38.58824922
38.58824922
38.58824922
38.58824922
38.58824922
38.58824922
38.58824922
38.58824922
38.58824922
38.58824922
38.58824922
38.58824922
38.58824922
38.58824922
38.58824922
38.58824922
38.58824922
38.58824922
38.58824922
38.58824922
38.58824922
38.58824922
38.58824922
38.58824922
38.58824922
38.58824922
38.58824922
38.58824922
38.58824922
38.58824922
38.58824922
38.58824922
38.58824922
38.58824922
38.58824922
38.58824922
38.58824922
38.58824922
38.58824922
38.58824922
38.58824922
38.58824922
38.58824922
38.58824922
38.58824922
38.58824922
38.58824922
38.58824922
38.58824922
38.58824922
38.58824922
38.58824922
38.58824922
194788.1891
194788.1891
194788.1891
194788.1891
194788.1891
194788.1891
194788.1891
194788.1891
194788.1891
194788.1891
194788.1891
194788.1891
194788.1891
194788.1891
194788.1891
194788.1891
194788.1891
194788.1891
194788.1891
194788.1891
194788.1891
194788.1891
194788.1891
194788.1891
194788.1891
194788.1891
194788.1891
194788.1891
194788.1891
194788.1891
194788.1891
194788.1891
194788.1891
194788.1891
194788.1891
194788.1891
194788.1891
194788.1891
194788.1891
194788.1891
194788.1891
194788.1891
194788.1891
194788.1891
194788.1891
194788.1891
194788.1891
194788.1891
194788.1891
194788.1891
194788.1891
194788.1891
194788.1891
194788.1891
194788.1891
194788.1891
194788.1891
194788.1891
194788.1891
194788.1891
194788.1891
194788.1891
194788.1891
194788.1891
194788.1891
194788.1891
194788.1891
194788.1891
194788.1891
194788.1891
194788.1891
194788.1891
194788.1891
194788.1891
194788.1891
194788.1891
194788.1891
194788.1891
194788.1891
194788.1891
194788.1891
194788.1891
194788.1891
194788.1891
194788.1891
194788.1891
194788.1891
194788.1891
194788.1891
194788.1891
194788.1891
194788.1891
194788.1891
194788.1891
194788.1891
194788.1891
194788.1891
194788.1891
194788.1891
194788.1891
194788.1891
194788.1891
194788.1891
194788.1891
194788.1891
194788.1891
194788.1891
194788.1891
194788.1891
194788.1891
194788.1891
194788.1891
194788.1891
194788.1891
194788.1891
194788.1891
194788.1891
194788.1891
194788.1891
194788.1891
194788.1891
194788.1891
194788.1891
194788.1891
194788.1891
194788.1891
194788.1891
194788.1891
194788.1891
194788.1891
194788.1891
194788.1891
194788.1891
194788.1891
194788.1891
194788.1891
194788.1891
194788.1891
194788.1891
194788.1891
194788.1891
194788.1891
194788.1891
194788.1891
194788.1891
194788.1891
194788.1891
194788.1891
194788.1891
194788.1891
194788.1891
194788.1891
194788.1891
194788.1891
194788.1891
194788.1891
194788.1891
194788.1891
194788.1891
194788.1891
194788.1891
194788.1891
194788.1891
194788.1891
194788.1891
194788.1891
194788.1891
194788.1891
194788.1891
194788.1891
194788.1891
194788.1891
194788.1891
194788.1891
194788.1891
194788.1891
194788.1891
194788.1891
194788.1891
194788.1891
194788.1891
194788.1891
194788.1891
194788.1891
194788.1891
194788.1891
194788.1891
194788.1891
194788.1891
194788.1891
194788.1891
194788.1891
194788.1891
194788.1891
194788.1891
194788.1891
194788.1891
194788.1891
194788.1891
194788.1891
194788.1891
194788.1891
194788.1891
194788.1891
194788.1891
194788.1891
194788.1891
194788.1891
194788.1891
194788.1891
194788.1891
194788.1891
194788.1891
194788.1891
194788.1891
194788.1891
194788.1891
194788.1891
194788.1891
194788.1891
194788.1891
194788.1891
194788.1891
194788.1891
194788.1891
194788.1891
194788.1891
194788.1891
194788.1891
194788.1891
194788.1891
194788.1891
194788.1891
194788.1891
194788.1891
194788.1891
194788.1891
194788.1891
194788.1891
194788.1891
194788.1891
194788.1891
194788.1891
194788.1891
194788.1891
194788.1891
194788.1891
194788.1891
194788.1891
194788.1891
194788.1891
194788.1891
194788.1891
194788.1891
194788.1891
194788.1891
194788.1891
194788.1891
194788.1891
194788.1891
194788.1891
194788.1891
194788.1891
194788.1891
194788.1891
194788.1891
194788.1891
194788.1891
194788.1891
194788.1891
194788.1891
194788.1891
194788.1891
194788.1891
194788.1891
194788.1891
194788.1891
194788.1891
194788.1891
194788.1891
194788.1891
194788.1891
194788.1891
194788.1891
194788.1891
194788.1891
194788.1891
194788.1891
194788.1891
194788.1891
194788.1891
194788.1891
194788.1891
194788.1891
194788.1891
194788.1891
194788.1891
194788.1891
194788.1891
194788.1891
194788.1891
194788.1891
194788.1891
194788.1891
194788.1891
194788.1891
194788.1891
194788.1891
194788.1891
194788.1891
194788.1891
194788.1891
194788.1891
194788.1891
194788.1891
194788.1891
194788.1891
194788.1891
194788.1891
194788.1891
194788.1891
194788.1891
194788.1891
194788.1891
194788.1891
194788.1891
194788.1891
194788.1891
194788.1891
194788.1891
194788.1891
194788.1891
194788.1891
194788.1891
194788.1891
194788.1891
194788.1891
194788.1891
194788.1891
194788.1891
194788.1891
194788.1891
194788.1891
194788.1891
194788.1891
194788.1891
194788.1891
194788.1891
194788.1891
194788.1891
194788.1891
194788.1891
194788.1891
194788.1891
194788.1891
194788.1891
194788.1891
194788.1891
194788.1891
194788.1891
194788.1891
194788.1891
194788.1891
194788.1891
194788.1891
194788.1891
194788.1891
194788.1891
194788.1891
194788.1891
194788.1891
194788.1891
194788.1891
194788.1891
194788.1891
194788.1891
194788.1891
194788.1891
194788.1891
194788.1891
194788.1891
194788.1891
194788.1891
194788.1891
194788.1891
194788.1891
194788.1891
194788.1891
194788.1891
194788.1891
194788.1891
194788.1891
194788.1891
194788.1891
194788.1891
194788.1891
194788.1891
194788.1891
194788.1891
194788.1891
194788.1891
194788.1891
194788.1891
194788.1891
194788.1891
194788.1891
194788.1891
194788.1891
194788.1891
194788.1891
194788.1891
194788.1891
194788.1891
194788.1891
194788.1891
194788.1891
194788.1891
194788.1891
194788.1891
194788.1891
194788.1891
194788.1891
194788.1891
194788.1891
194788.1891
194788.1891
194788.1891
194788.1891
194788.1891
194788.1891
194788.1891
194788.1891
194788.1891
194788.1891
194788.1891
194788.1891
194788.1891
194788.1891
194788.1891
194788.1891
194788.1891
194788.1891
194788.1891
194788.1891
194788.1891
194788.1891
194788.1891
194788.1891
194788.1891
194788.1891
194788.1891
194788.1891
194788.1891
194788.1891
194788.1891
194788.1891
194788.1891
194788.1891
194788.1891
194788.1891
194788.1891
194788.1891
194788.1891
194788.1891
194788.1891
194788.1891
194788.1891
194788.1891
194788.1891
194788.1891
194788.1891
194788.1891
194788.1891
194788.1891
194788.1891
194788.1891
194788.1891
194788.1891
194788.1891
194788.1891
194788.1891
194788.1891
194788.1891
194788.1891
194788.1891
194788.1891
194788.1891
194788.1891
194788.1891
194788.1891
194788.1891
194788.1891
194788.1891
194788.1891
194788.1891
194788.1891
194788.1891
194788.1891
194788.1891
194788.1891
)
;

boundaryField
{
    inlet
    {
        type            fixedEnergy;
        value           uniform 38.5882978;
    }
    outlet
    {
        type            gradientEnergy;
        gradient        uniform 0;
        value           uniform 194788.1891;
    }
    upperWall
    {
        type            empty;
    }
    lowerWall
    {
        type            empty;
    }
    frontAndBack
    {
        type            empty;
    }
}


// ************************************************************************* //
